0.14301691949367523
0.0876678004860878
0.05725560709834099
0.027905354276299477
0.006829934660345316
0.016253016889095306
0.011489536613225937
0.0172837283462286
0.0071653202176094055
0.005984886083751917
0.005092989187687635
0.00620967848226428
0.002956120064482093
0.004184020217508078
0.0021949552465230227
0.00278403889387846
0.001563746016472578
0.002477539936080575
0.0016589000588282943
0.0022896137088537216
0.001084791379980743
0.0015890790382400155
0.0011536593083292246
0.0015781507827341557
0.0014314766740426421
0.00099128857254982
0.0010308749042451382
0.0009622015641070902
0.0009270345908589661
0.0008601928711868823
0.0008740078192204237
0.0010781254386529326
0.0008624889887869358
0.0007323274039663374
0.0008418900542892516
0.0008453097543679178
0.0007379842572845519
0.000714987691026181
0.0006829699850641191
0.0007470520795322955
0.0006909435032866895
0.0007448307587765157
0.0007037735194899142
0.0006883224123157561
0.0006818466354161501
0.0006699475343339145
0.0004288088530302048
0.00068670604377985
0.0006364810396917164
0.0007693854277022183
0.0007839982281439006
0.0009159196051768959
0.0011288340901955962
0.000987475854344666
0.000815712905023247
0.0006223918753676116
0.0005561434081755579
0.000501639733556658
0.000676519877742976
0.0006469644140452147
0.0007086014375090599
0.0006584689836017787
0.0007605133578181267
0.0009396513924002647
0.0005306450184434652
0.000553144549485296
0.0006691760499961674
0.0008603353635407984
0.0007303645252250135
0.0005202335887588561
0.0006218989728949964
0.0006590821431018412
0.0006525183562189341
0.0007324561011046171
0.0006489382940344512
0.0005890496540814638
0.0004909997223876417
0.0006247618584893644
0.0006221923977136612
0.0007067721453495324
0.000651803333312273
0.0007830984541215003
0.0006350527401082218
0.0007439162582159042
0.0004274612001609057
0.0006213611923158169
0.0006342535489238799
0.0006531747058033943
0.0006694920011796057
0.0006921982858330011
0.0007796250865794718
0.0008332243305630982
0.0007906458340585232
0.000580191204790026
0.0006742014084011316
0.0006174026639200747
0.00040313092176802456
0.0004215492226649076
0.000634340918622911
0.0005861768731847405
0.0005829186993651092
0.0006315566715784371
0.00041330434032715857
0.0006214753957465291
0.0006328289746306837
0.0005976269021630287
0.0005907642189413309
0.0005800385260954499
0.00040894304402172565
0.00042743305675685406
0.0005804771208204329
0.00047801597975194454
0.0005859516095370054
0.0005643154145218432
0.0006349102477543056
0.0003793366195168346
0.0003711659228429198
0.0004071200964972377
0.0005633309483528137
0.0005542715662159026
0.0005643374752253294
0.0006235793698579073
0.0005662002367898822
0.0005877903895452619
0.0003943870251532644
0.0005334880552254617
0.0005241840262897313
0.0005006219143979251
0.0004290597280487418
0.0005024804850108922
0.00044527670252136886
0.0004179801617283374
0.0005469214520417154
0.0003989519609604031
0.00039857393130660057
0.0005285409279167652
0.0005561726284213364
0.00037668467848561704
0.0004924970562569797
0.0004679028643295169
0.0005934533546678722
0.0005727577372454107
0.0005327383405528963
0.000592562835663557
0.0005219732411205769
0.0005406819400377572
0.0005495753139257431
0.000536060135345906
0.0005420610541477799
0.0005138753331266344
0.000458892056485638
0.00047203185386024415
0.00046560823102481663
0.000523886235896498
0.0004554081242531538
0.0004203900753054768
0.0005010369350202382
0.0004387522058095783
0.00044897396583110094
0.00048820534721016884
0.00033434457145631313
0.0004238644614815712
0.0004973607719875872
0.00040162759250961244
0.00045768823474645615
0.0004598023369908333
0.0005022839759476483
0.00047483379603363574
0.0004298055137041956
0.00041529667214490473
0.0004820277390535921
0.000419851130573079
0.0003845065657515079
0.00038065388798713684
0.0003794277727138251
0.0004011882410850376
0.00032248254865407944
0.000393396447179839
0.00033577592694200575
0.00041006793617270887
0.0003439967113081366
0.00039054433000274
0.0003211626608390361
0.00031294836662709713
0.0003112071717623621
0.00039948648191057146
0.0003209671995136887
0.00036477218964137137
0.0003545436484273523
0.0003052854153793305
0.00034965472877956927
0.0003472846292424947
0.0003195858735125512
0.00029192076181061566
0.0002991479414049536
0.00029307723161764443
0.00027411943301558495
0.00027719399076886475
0.00027143361512571573
0.0003031014639418572
0.00028612787718884647
0.00029934089980088174
0.0002540336863603443
0.0002577536797616631
0.00025859553716145456
0.0002593204262666404
0.0002736163733061403
0.0002701207995414734
0.0002577871782705188
0.0002529104531276971
0.0002674628049135208
0.00028358327108435333
0.00024521403247490525
0.0002484288706909865
0.0002462209959048778
0.00031897754524834454
0.0002656549622770399
0.000272198609309271
0.0002509441692382097
0.0003169802075717598
0.0002603353059384972
0.00026394653832539916
0.00028295847005210817
0.0002866447321139276
0.00025989956338889897
0.00026079878443852067
0.00027233868604525924
0.0003302844415884465
0.00030189924291335046
0.0002682509657461196
0.0002549018245190382
0.0004496395995374769
0.00029213112429715693
0.0002502277784515172
0.00031149553251452744
0.00030131591483950615
0.00027288656565360725
0.00026952114421874285
0.00027628178941085935
0.0002626397181302309
0.0002593498502392322
0.00021739816293120384
0.0002327212132513523
0.00026930708554573357
0.0002656819124240428
0.00023645391047466546
0.0002353013987885788
0.00029021527734585106
0.0002562864974606782
0.00028694546199403703
0.0005900727701373398
0.00043391648796387017
0.0003372621431481093
0.0003507297078613192
0.0003111290861852467
0.0003127492673229426
0.00036354115582071245
0.0003211426956113428
0.0002534485829528421
0.0002517610555514693
0.0002772696316242218
0.00024899825803004205
0.00025260113761760294
0.0002697771415114403
0.0002682261692825705
0.00023233956017065793
0.00021196338639128953
0.00022400578018277884
0.0002856454229913652
0.0002838674990925938
0.00024495579418726265
0.00026310316752642393
0.00022985089162830263
0.0002224077470600605
0.00023739859170746058
0.0002830367302522063
0.00025612281751818955
0.0002227471413789317
0.0002546327013988048
0.00024611156550236046
0.00025726313469931483
0.00022150656150188297
0.00023600435815751553
0.00023165566381067038
0.0002736768510658294
0.00025139653007499874
0.000236092324485071
0.0002307450631633401
0.0004253531515132636
0.000305550784105435
0.00025451378314755857
0.00027322908863425255
0.00023248854267876595
0.00025384139735251665
0.0007035192102193832
0.0008122343569993973
0.00033208823879249394
0.00022409080702345818
0.0005342312506400049
0.00029608860495500267
0.00030667881947010756
0.00030891125788912177
0.00036920447018928826
0.00038496972410939634
0.0002671366382855922
0.00023172541114035994
0.00020938988018315285
0.00024099981237668544
0.0002454835921525955
0.00025273641222156584
0.00022189487935975194
0.00021183108037803322
0.00019254795915912837
0.0001883904478745535
0.00018614613509271294
0.00019117550982628018
0.00020765879889950156
0.00021600410400424153
0.00020074384519830346
0.00018450221978127956
0.00020994606893509626
0.0002850053133442998
0.00022090005222707987
0.00018536561401560903
0.0002073344512609765
0.0002823937975335866
0.00026662254822440445
0.0002279957989230752
0.00017898766964208335
0.00024340716481674463
0.00025647724396549165
0.0002199536538682878
0.00020701998437289149
0.00022707348398398608
0.000313960830681026
0.0004704433958977461
0.00021421199198812246
0.00020593299996107817
0.00041713027167133987
0.0006786222220398486
0.00030505447648465633
0.00020459346706047654
0.00039242624188773334
0.0005215004202909768
0.00038816416054032743
0.00024791000760160387
0.00028971556457690895
0.00045745770330540836
0.00036779107176698744
0.00020655950356740505
0.0002595647529233247
0.00037911624531261623
0.0005877887015230954
0.00037690624594688416
0.00024271756410598755
0.00040250681922771037
0.0004477899055927992
0.00026468472788110375
0.00040725478902459145
0.00022573563910555094
0.0003332823107484728
0.00025164365069940686
0.00036318544880487025
0.0004967257264070213
0.00040850311052054167
0.0002671093971002847
0.0004480481438804418
0.0006588299875147641
0.0002530280326027423
0.0002861425164155662
0.0005074348300695419
0.00034177806810475886
0.0002283955254824832
0.0002259829343529418
0.0005042165284976363
0.000342134473612532
0.0002273384016007185
0.0002842717512976378
0.0005659550079144537
0.0003062097530346364
0.0002864487178158015
0.00021290367294568568
0.0003842218720819801
0.00020731893891934305
0.0002452031767461449
0.00023962378327269107
0.00018312603060621768
0.00016642235277686268
0.00019724997400771827
0.00023495811910834163
0.00016876788868103176
0.00019935501040890813
0.00019778002751991153
0.00021777686197310686
0.0002011031174333766
0.00019834371050819755
0.00020918577502015978
0.00019593322940636426
0.0001718389248708263
0.00018733627803158015
0.00020233570830896497
0.00019321597937960178
0.00020220577425789088
0.00019353831885382533
0.00017774519801605493
0.00019920693011954427
0.00018824062135536224
0.00020057028450537473
0.0002072373899864033
0.00020886672427877784
0.00018754626216832548
0.0001883828081190586
0.00018003788136411458
0.0001621319679543376
0.000201656119315885
0.00020182179287075996
0.00021546054631471634
0.00019859254825860262
0.00018713821191340685
0.0001791067043086514
0.00019064157095272094
0.00018661322246771306
0.00018177978927269578
0.00017226599447894841
0.0001604831631993875
0.00020306634542066604
0.00017029023729264736
0.00019276991952210665
0.00018581525364425033
0.00015946815256029367
0.000191799525055103
0.00018578191520646214
0.00019729073392227292
0.0002415607450529933
0.00019352500385139138
0.0001979693624889478
0.00018450214702170342
0.00017952766211237758
0.00024009127810131758
0.00018963380716741085
0.0002079083351418376
0.00020063384727109224
0.00019264838192611933
0.00017070896865334362
0.00018685642862692475
0.00017679155280347914
0.0001977674983208999
0.00018932507373392582
0.0001824665378080681
0.00018123009067494422
0.00018275641195941716
0.00018886843463405967
0.0001656957174418494
0.00015268892457243055
0.00014922635455150157
0.00015055945550557226
0.00018335063941776752
0.00017217702406924218
0.00017100886907428503
0.00020004926773253828
0.0001780183956725523
0.000172589483554475
0.00017384497914463282
0.00017904436390381306
0.00016489629342686385
0.0001799177989596501
0.00017042661784216762
0.00014886469580233097
0.00015413736400660127
0.00016664026770740747
0.00014405032561626285
0.00018538086442276835
0.00020353712898213416
0.00014121511776465923
0.00017548973846714944
0.0001883166260086
0.00016840007447171956
0.00016842134937178344
0.0002155929250875488
0.00023082364350557327
0.00021287769777700305
0.00020953982311766595
0.0001430707488907501
0.00019786565098911524
0.000417984469095245
0.00017545318405609578
0.00027585032512433827
0.00022274261573329568
0.00023995731316972524
0.00023429864086210728
0.00018056784756481647
0.00021492539963219315
0.00024290260626003146
0.0001925886026583612
0.00016854394925758243
0.00021672778530046344
0.0003578157920856029
0.00022495526354759932
0.00016976473852992058
0.00018572933913674206