6.148494720458984
2.6098594665527344
3.0535621643066406
3.092848300933838
2.7745308876037598
1.6279962062835693
1.6771222352981567
1.6477407217025757
2.1370089054107666
1.3931776285171509
1.7688546180725098
1.5355536937713623
2.0742223262786865
1.5962162017822266
1.2696760892868042
1.4112088680267334
1.078809142112732
1.2903021574020386
1.0268992185592651
0.5481088757514954
0.9765681028366089
0.6262925863265991
1.0114357471466064
0.992353081703186
0.7499103546142578
0.8087961077690125
0.45431265234947205
0.37005460262298584
0.531159520149231
0.9104946851730347
0.5586594939231873
0.511772871017456
0.3907443881034851
0.4548090398311615
0.3563613295555115
0.20657366514205933
0.18923717737197876
0.23651856184005737
0.08908149600028992
0.07343094795942307
0.043361466377973557
0.12448674440383911
0.16370166838169098
0.12476284056901932
0.06223189830780029
0.1287361979484558
0.0489833727478981
0.0355643592774868
0.07724485546350479
0.2453441172838211
0.22710585594177246
0.18080081045627594
0.16571226716041565
0.1893729567527771
0.08875948935747147
0.1520855873823166
0.1751703917980194
0.09735557436943054
0.059334881603717804
0.16547179222106934
0.13900291919708252
0.2821430563926697
0.2274893969297409
0.20267395675182343
0.15402865409851074
0.13664835691452026
0.12290343642234802
0.09771960973739624
0.06398919224739075
0.07978980243206024
0.08276814222335815
0.057131409645080566
0.07829204946756363
0.0582396537065506
0.053617507219314575
0.06257131695747375
0.03349751979112625
0.050712499767541885
0.07197244465351105
0.046371474862098694
0.030996404588222504
0.07674172520637512
0.08020956814289093
0.05268199369311333
0.03060982935130596
0.05439022183418274
0.021994639188051224
0.021575409919023514
0.021650586277246475
0.03091900609433651
0.019375218078494072
0.02525181695818901
0.021083034574985504
0.030688021332025528
0.010379830375313759
0.037678033113479614
0.01563398540019989
0.00702814431861043
0.012595327571034431
0.021297290921211243
0.04752703756093979
0.006705367937684059
0.02465464547276497
0.019489992409944534
0.01267432514578104
0.00637421477586031
0.017415013164281845
0.011193368583917618
0.016880949959158897
0.020627662539482117
0.010119942016899586
0.012529924511909485
0.02047296240925789
0.04825878143310547
0.009394669905304909
0.01038956455886364
0.011806681752204895
0.011274930089712143
0.017961042001843452
0.012041287496685982
0.007911625318229198
0.014527286402881145
0.010414892807602882
0.009068088605999947
0.018100496381521225
0.010549632832407951
0.0033155365381389856
0.01797589473426342
0.015395965427160263
0.006951712537556887
0.01104156393557787
0.01729625090956688
0.006404201500117779
0.010602789930999279
0.007594827562570572
0.009363717399537563
0.005835987161844969
0.005704610608518124
0.010387741029262543
0.004514118656516075
0.01804365962743759
0.006934609264135361
0.012669677846133709
0.015845872461795807
0.02080720104277134
0.02342456951737404
0.017635628581047058
0.02633501961827278
0.015679417178034782
0.018320243805646896
0.007027061656117439
0.01883191056549549
0.08803834021091461
0.016011811792850494
0.025177735835313797
0.0154260890558362
0.03340233117341995
0.01752869039773941
0.02714870125055313
0.054274484515190125
0.03580731898546219
0.04315009340643883
0.044269658625125885
0.03362954407930374
0.1722383350133896
0.04766775295138359
0.14106294512748718
0.009378607384860516
0.049521446228027344
0.031209690496325493
0.025143656879663467
0.06408265233039856
0.0641777366399765
0.02947389893233776
0.03306972607970238
0.026655880734324455
0.009992878884077072
0.05696523189544678
0.029390603303909302
0.03959638625383377
0.13626407086849213
0.0428151972591877
0.02026304230093956
0.03271552547812462
0.05643828213214874
0.043278828263282776
0.03742019087076187
0.0188178401440382
0.05796445161104202
0.03967951238155365
0.01922021433711052
0.04967805743217468
0.03534745052456856
0.037368450313806534
0.02516951411962509
0.023186076432466507
0.03603026270866394
0.04998580366373062
0.014090590178966522
0.04543816298246384
0.027532098814845085
0.020890166983008385
0.01514548622071743
0.030772289261221886
0.015960585325956345
0.026395896449685097
0.020544685423374176
0.004182512406259775
0.009823644533753395
0.012066124938428402
0.0039060967974364758
0.012504545971751213
0.00728129455819726
0.011047299951314926
0.018239455297589302
0.014639472588896751
0.00997687317430973
0.007870636880397797
0.012528524734079838
0.010436907410621643
0.014492092654109001
0.015500625595450401
0.012006587348878384
0.00872003473341465
0.004649280570447445
0.005391641519963741
0.005929074715822935
0.005518555175513029
0.011561504565179348
0.009435159154236317
0.004504152573645115
0.010006834752857685
0.011741196736693382
0.006573074497282505
0.018801938742399216
0.0035114497877657413
0.005810926668345928
0.010334756225347519
0.002894605975598097
0.0032325563952326775
0.00496700732037425
0.009906912222504616
0.001813031849451363
0.0029123201966285706
0.004256523214280605
0.0038275315891951323
0.01255066692829132
0.018304796889424324
0.011105951853096485
0.004617332946509123
0.014254718087613583
0.006741799414157867
0.005723526701331139
0.008599510416388512
0.007971758022904396
0.018643777817487717
0.018559793010354042
0.009917980059981346
0.006371922791004181
0.012548781931400299
0.01971600204706192
0.010642862878739834
0.006919982843101025
0.06991197168827057
0.02232298068702221
0.009594873525202274
0.03054039180278778
0.04368775337934494
0.030375896021723747
0.027642972767353058
0.014030305668711662
0.012357790023088455
0.01637888327240944
0.03115343302488327
0.018118612468242645
0.018467780202627182
0.031821124255657196
0.02791205421090126
0.03280959278345108
0.02770478092133999
0.04451489448547363
0.015522927977144718
0.061863817274570465
0.10977745056152344
0.11411013454198837
0.030689662322402
0.07402139902114868
0.08089478313922882
0.018097911030054092
0.06017526984214783
0.04528530314564705
0.03358476608991623
0.052119817584753036
0.06079470366239548
0.032305508852005005
0.04345300793647766
0.016655512154102325
0.030622873455286026
0.021999921649694443
0.016739359125494957
0.027037866413593292
0.026733677834272385
0.06533417850732803
0.01997925341129303
0.052051156759262085
0.013424314558506012
0.011372307315468788
0.008350729010999203
0.016516875475645065
0.020925862714648247
0.034474458545446396
0.031030043959617615
0.02470967546105385
0.013348797336220741
0.013583180494606495
0.006335403770208359
0.00356678431853652
0.009406637400388718
0.005301101598888636
0.02504924312233925
0.010311247780919075
0.005393659230321646
0.04496422037482262
0.024263570085167885
0.009484236128628254
0.007570398971438408
0.02948671765625477
0.014380527660250664
0.033156268298625946
0.029918940737843513
0.017847446724772453
0.01597992330789566
0.010890617966651917
0.009338732808828354
0.0535394512116909
0.0036530555225908756
0.0947263091802597
0.04552071541547775
0.020505521446466446
0.01338185928761959
0.042140379548072815
0.05009140819311142
0.020902570337057114
0.011777826584875584
0.1847584843635559
0.025848902761936188
0.04852120950818062
0.01637895591557026
0.025269504636526108
0.06377562880516052
0.02632046863436699
0.017320847138762474
0.014849748462438583
0.05783712863922119
0.06083676218986511
0.01009674184024334
0.1259796917438507
0.1490519642829895
0.05867299437522888
0.09406939148902893
0.01380899641662836
0.06887084990739822
0.04761091247200966
0.03409194201231003
0.019881663843989372
0.017538316547870636
0.01814316026866436
0.026509270071983337
0.016635283827781677
0.052508994936943054
0.021052448078989983
0.015200169757008553
0.056940220296382904
0.056903235614299774
0.051328741014003754
0.057271864265203476
0.08191284537315369
0.10748545080423355
0.04493292421102524
0.08265775442123413
0.07705815136432648
0.021326571702957153
0.0774085596203804
0.03889670968055725
0.06216007471084595
0.05353472754359245
0.13763445615768433
0.06691740453243256
0.06706413626670837
0.06828615069389343
0.037622250616550446
0.044716108590364456
0.05054221302270889
0.037442952394485474
0.01199413649737835
0.031609825789928436
0.0346355140209198
0.03377321735024452
0.05756201222538948
0.029796333983540535
0.13251027464866638
0.19033686816692352
0.2815971374511719
0.10680467635393143
0.1257534921169281
0.19592611491680145
0.9687409400939941
0.562788724899292
0.18113957345485687
0.20447197556495667
0.206401988863945
0.12180179357528687
0.10990320146083832
0.17645220458507538
0.2232012152671814
0.32027220726013184
0.12056775391101837
0.22640666365623474
0.20730899274349213
0.1374829113483429
0.28615620732307434
0.190315842628479
0.14863631129264832
0.15271714329719543
0.09081809222698212
0.05600661039352417
0.027625232934951782
0.03144149109721184
0.035615548491477966
0.12596483528614044
0.11507023125886917
0.03656811639666557
0.04501263052225113
0.032411545515060425
0.045636773109436035
0.032377589493989944
0.02004716359078884
0.02365945838391781
0.026885630562901497
0.0169064998626709
0.020493442192673683
0.021087437868118286
0.01751054637134075
0.002249638084322214
0.0027378397062420845
0.007829931564629078
0.00364392576739192
0.005021754186600447
0.004671488888561726
0.005196247715502977
0.004669404588639736
0.0027784917037934065
0.009493558667600155
0.0027324913535267115
0.004605631809681654
0.0055474210530519485
0.007342582568526268
0.004629701375961304
0.021157562732696533
0.06361839920282364
0.01980292610824108
0.005078564397990704
0.045627690851688385
0.02332894876599312
0.02996720001101494
0.03269818797707558
0.009558464400470257
0.018824856728315353
0.020321547985076904
0.012870430946350098
0.012551911175251007
0.019833069294691086
0.03432243689894676
0.04494275152683258
0.034686245024204254
0.03226340189576149
0.015880674123764038
0.021990161389112473
0.01996431313455105
0.009719298221170902
0.010055415332317352
0.012601543217897415
0.007844345644116402
0.0036749353166669607
0.003631285624578595
0.0039405543357133865
0.02178366668522358
0.015160182490944862
0.007256101816892624
0.009211629629135132
0.007433135062456131
0.007441588677465916
0.007394121028482914
0.004919980186969042
0.0033351299352943897
0.0032921694219112396
0.007714643143117428
0.003014262765645981
0.004016760736703873
0.0071603660471737385