0.05434805154800415
0.03199829161167145
0.03336276486515999
0.03288102522492409
0.03337487578392029
0.033363062888383865
0.03231273218989372
0.033369679003953934
0.03351060673594475
0.03508240357041359
0.03509281948208809
0.03337550163269043
0.032312728464603424
0.033376604318618774
0.03337673097848892
0.033376920968294144
0.035105157643556595
0.033376362174749374
0.032874155789613724
0.033376287668943405
0.03287363052368164
0.03231102228164673
0.033522263169288635
0.032873112708330154
0.032871220260858536
0.03286582604050636
0.03336617350578308
0.0322999432682991
0.03285786882042885
0.033362504094839096
0.03336149826645851
0.03350792080163956
0.032856326550245285
0.03335953131318092
0.033358316868543625
0.0333564467728138
0.032850805670022964
0.033354777842760086
0.03509233519434929
0.03335319831967354
0.03350340947508812
0.03507743030786514
0.03283785656094551
0.032834459096193314
0.0322866328060627
0.0322834812104702
0.03348436579108238
0.03330066800117493
0.03326531499624252
0.033224206417798996
0.033200304955244064
0.033184170722961426
0.03216734156012535
0.033282410353422165
0.032577548176050186
0.03310086950659752
0.03253471478819847
0.032532550394535065
0.033167991787195206
0.03314054757356644
0.032440900802612305
0.032433491200208664
0.03299107775092125
0.031888093799352646
0.03447273001074791
0.0328943245112896
0.03314350172877312
0.034427035599946976
0.032185088843107224
0.03293241932988167
0.03276275470852852
0.0319504514336586
0.03237570449709892
0.03325847163796425
0.030606305226683617
0.03164725378155708
0.030895909294486046
0.0288370493799448
0.02155883051455021
0.022293880581855774
0.028085293248295784
0.026424884796142578
0.026680754497647285
0.028521286323666573
0.024688562378287315
0.022910580039024353
0.02032533660531044
0.021096065640449524
0.020556747913360596
0.01952848769724369
0.02083744667470455
0.019255144521594048
0.0191128458827734
0.01938861794769764
0.01921369694173336
0.01872606948018074
0.01835591532289982
0.01836392842233181
0.01765839383006096
0.019469892606139183
0.016455844044685364
0.017476333305239677
0.015092276968061924
0.015364198945462704
0.015669912099838257
0.01553240418434143
0.013634763658046722
0.013342871330678463
0.012576398439705372
0.013139809481799603
0.015249532647430897
0.014048095792531967
0.01261801179498434
0.011302035301923752
0.011502567678689957
0.01421296875923872
0.01313802134245634
0.011864987201988697
0.012031507678329945
0.009698840789496899
0.011229954659938812
0.011718672700226307
0.010299424640834332
0.013132140971720219
0.012405374087393284
0.01366396900266409
0.011545111425220966
0.009725126437842846
0.010992334224283695
0.011050361208617687
0.00926543865352869
0.011081474833190441
0.01276600081473589
0.01011160109192133
0.01232596579939127
0.008371246047317982
0.011191494762897491
0.013158720917999744
0.010532431304454803
0.01151240710169077
0.011900156736373901
0.012304835952818394
0.013509531505405903
0.012096996419131756
0.01085262093693018
0.012091041542589664
0.00869925320148468
0.009355674497783184
0.01077279169112444
0.008935659192502499
0.009961440227925777
0.00971868634223938
0.008814358152449131
0.010673302225768566
0.008377977646887302
0.010200084187090397
0.010240145027637482
0.009063034318387508
0.010811064392328262
0.009119320660829544
0.009746205061674118
0.009541774168610573
0.009112158790230751
0.009217705577611923
0.008483347482979298
0.009614010341465473
0.008230200037360191
0.008787264116108418
0.01004645973443985
0.009116833098232746
0.00864954013377428
0.008937858045101166
0.008606990799307823
0.007390622049570084
0.007039240095764399
0.008625895716249943
0.008495991118252277
0.00771721638739109
0.008449822664260864
0.010032509453594685
0.008326083421707153
0.008745092898607254
0.008571838028728962
0.0072847106494009495
0.009203989990055561
0.009527252055704594
0.007607596460729837
0.007455769460648298
0.008492070250213146
0.008653958328068256
0.007773527409881353
0.007622972130775452
0.008220513351261616
0.008469532243907452
0.007329748477786779
0.008456124924123287
0.007672247011214495
0.006693958770483732
0.008233093656599522
0.00799377728253603
0.00764065608382225
0.007808793801814318
0.007383299525827169
0.007362236734479666
0.006240783724933863
0.0069460030645132065
0.007179543375968933
0.007102966774255037
0.007893554866313934
0.007443689275532961
0.006732804700732231
0.00626152940094471
0.007147099822759628
0.006565220188349485
0.006544961128383875
0.007175300735980272
0.006666713859885931
0.0072448644787073135
0.006626997143030167
0.006639705505222082
0.0065361387096345425
0.006569462362676859
0.0069548883475363255
0.005980008747428656
0.006760884076356888
0.006052178796380758
0.006692440714687109
0.006372698117047548
0.006120649632066488
0.006546213757246733
0.005771333817392588
0.006234561558812857
0.006131126079708338
0.006416391581296921
0.006249664817005396
0.006169578526169062
0.006160807330161333
0.005468857940286398
0.006250359117984772
0.006199243012815714
0.005348270293325186
0.006252266466617584
0.0057406239211559296
0.00594893516972661
0.00624694162979722
0.005417441949248314
0.005837880074977875
0.006397457327693701
0.005660082679241896
0.005578451324254274
0.006155820097774267
0.005689618643373251
0.005740849766880274
0.0059296186082065105
0.00576550280675292
0.005634963046759367
0.0056025441735982895
0.005451877135783434
0.005228425841778517
0.00563454395160079
0.005643870215862989
0.005940806120634079
0.005784191191196442
0.005194398574531078
0.005477158818393946
0.005692040082067251
0.005862543825060129
0.005433168262243271
0.0051932185888290405
0.0054622311145067215
0.0061773452907800674
0.005375128239393234
0.005845196545124054
0.0055320668034255505
0.005431797355413437
0.005557497497648001
0.005396030377596617
0.005369601771235466
0.005200422368943691
0.005344262812286615
0.0052862646989524364
0.005597238894551992
0.005631574895232916
0.005216631572693586
0.004907446447759867
0.0053536053746938705
0.0053572808392345905
0.005610291380435228
0.005205089692026377
0.005521340761333704
0.005212122108787298
0.004891922231763601
0.005208759102970362
0.0058118016459047794
0.004878118168562651
0.005636201705783606
0.005480121821165085
0.005711570382118225
0.005428718402981758
0.005824980791658163
0.005850398447364569
0.005078636109828949
0.006260693538933992
0.005799311678856611
0.006256693508476019
0.00590938376262784
0.0051512946374714375
0.0052206688560545444
0.005639456212520599
0.005321906879544258
0.005396634340286255
0.005534040275961161
0.005266232416033745
0.005143391899764538
0.005243187304586172
0.005138013046234846
0.0048356507904827595
0.0056802439503371716
0.005604980979114771
0.005456258077174425
0.005392936524003744
0.0054397727362811565
0.00546737015247345
0.005402398761361837
0.0056361970491707325
0.00537061644718051
0.005625049117952585
0.005305187311023474
0.005364362150430679
0.005685035139322281
0.005172989796847105
0.004983329679816961
0.005080044735223055
0.005111744161695242
0.004885843954980373
0.005117894150316715
0.00553434481844306
0.00512686837464571
0.005047985818237066
0.005145484581589699
0.004813577048480511
0.004819292109459639
0.005335133522748947
0.004988017957657576
0.004886312410235405
0.005279950797557831
0.0048992144875228405
0.004678627941757441
0.004955738317221403
0.00465072738006711
0.0052143726497888565
0.005256630480289459
0.004843651782721281
0.004814838524907827
0.005167922470718622
0.0048198397271335125
0.004771936684846878
0.00513071333989501
0.004783953074365854
0.004794094245880842
0.004748770035803318
0.0044972095638513565
0.005067734979093075
0.004484095145016909
0.004800900351256132
0.004723687190562487
0.004674962256103754
0.004683203529566526
0.004693515133112669
0.0047107357531785965
0.005006151739507914
0.004657842684537172
0.004633264150470495
0.004986622836440802
0.004631421063095331
0.0046617076732218266
0.004453783389180899
0.004684274550527334
0.004659704398363829
0.004965025465935469
0.0046248831786215305
0.005265176296234131
0.00512663833796978
0.0048408000729978085
0.004736928269267082
0.004478125367313623
0.0045243180356919765
0.004673031624406576
0.004515945445746183
0.00497685931622982
0.005104976240545511
0.0046365889720618725
0.004624190274626017
0.00461179856210947
0.004582805093377829
0.004392530303448439
0.004595569334924221
0.004686420317739248
0.004601809196174145
0.0049356198869645596
0.004672287497669458
0.004529789090156555
0.004806827288120985
0.0048844534903764725
0.004438316449522972
0.004635157063603401
0.004701300989836454
0.004961673635989428
0.0046067014336586
0.004617121536284685
0.004628793802112341
0.004518330097198486
0.004579266998916864
0.004816302563995123
0.004715550225228071
0.004543178714811802
0.00494250888004899
0.00470435805618763
0.00471165357157588
0.0044906833209097385
0.004610149189829826
0.005370714236050844
0.004486796911805868
0.004759056959301233
0.0050265248864889145
0.005159439984709024
0.0049174572341144085
0.00476509565487504
0.004497337620705366
0.005014036316424608
0.00480707036331296
0.005650258157402277
0.004817709792405367
0.004902724642306566
0.0052850511856377125
0.005271201953291893
0.005542734172195196
0.004773897584527731
0.0047774966806173325
0.005268380511552095
0.00450423127040267
0.0046539208851754665
0.0047875805757939816
0.004628461319953203
0.00486602121964097
0.004507043864578009
0.004805020522326231
0.004473974462598562
0.004397193435579538
0.0044162399135529995
0.004460244905203581
0.0047317203134298325
0.004275764804333448
0.004411834757775068
0.004330482799559832
0.0041406056843698025
0.0038019909989088774
0.004436230752617121
0.00438378332182765
0.004487645346671343
0.0042235711589455605
0.004525217693299055
0.003892534179612994
0.004431223962455988
0.004881527740508318
0.004761020187288523
0.0040662107057869434
0.004728855099529028
0.0038307076320052147
0.004406625870615244
0.005367949139326811
0.004252493381500244
0.0044251116923987865
0.004145890474319458
0.004423880483955145
0.004564844537526369
0.004061101004481316
0.004439119715243578
0.004213013220578432
0.003711599623784423
0.003946442622691393
0.0042100525461137295
0.003945614211261272
0.003929691389203072
0.004453375935554504
0.00387611729092896
0.004302599001675844
0.0036554152611643076
0.004232651088386774
0.003737254999577999
0.0042629786767065525
0.004061328247189522
0.0042156134732067585
0.003897404531016946
0.003942994400858879
0.004407786298543215
0.0038476288318634033
0.004164100158959627
0.0037454550620168447
0.0039540668949484825